331.0 0.0 0.0 192.0 0.0 1025.0 821.0 120.0 39.38
254.0 0.0 0.0 198.0 0.0 968.0 863.0 365.0 29.79
251.4 0.0 118.3 188.5 5.8 1028.4 757.7 56.0 36.97
382.0 0.0 0.0 186.0 0.0 1047.0 739.0 7.0 24.0
252.3 0.0 98.8 146.3 14.2 987.8 889.0 100.0 60.95
139.6 209.4 0.0 192.0 0.0 1047.0 806.9 90.0 39.36
136.4 161.6 125.8 171.6 10.4 922.6 764.4 28.0 29.07
143.8 136.3 106.2 178.1 7.5 941.5 774.3 28.0 26.15
333.0 0.0 0.0 192.0 0.0 931.2 842.6 3.0 15.62
198.6 132.4 0.0 192.0 0.0 978.4 825.5 7.0 14.64
251.8 0.0 99.9 146.1 12.4 1006.0 899.8 28.0 33.94
190.3 0.0 125.2 161.9 9.9 1088.1 802.6 56.0 38.56
288.0 121.0 0.0 177.0 7.0 908.0 829.0 28.0 42.13
331.0 0.0 0.0 192.0 0.0 879.0 825.0 3.0 13.52
193.5 290.2 0.0 185.7 0.0 998.2 704.3 28.0 32.63
252.0 0.0 0.0 185.0 0.0 1111.0 784.0 7.0 13.71
194.7 0.0 100.5 165.6 7.5 1006.4 905.9 100.0 37.34
475.0 0.0 0.0 228.0 0.0 932.0 594.0 365.0 41.93
157.0 236.0 0.0 192.0 0.0 935.4 781.2 28.0 33.66
165.0 0.0 143.6 163.8 0.0 1005.6 900.9 100.0 37.96
203.5 305.3 0.0 203.5 0.0 963.4 630.0 90.0 51.86
332.5 142.5 0.0 228.0 0.0 932.0 594.0 90.0 37.72
148.0 0.0 137.0 158.0 16.0 1002.0 830.0 28.0 17.95
295.7 0.0 95.6 171.5 8.9 955.1 859.2 100.0 52.04
342.0 38.0 0.0 228.0 0.0 932.0 670.0 180.0 52.12
322.0 0.0 0.0 203.0 0.0 974.0 800.0 180.0 29.59
331.0 0.0 0.0 192.0 0.0 1025.0 821.0 90.0 37.91
213.5 0.0 174.2 154.6 11.7 1052.3 775.5 14.0 33.7
160.2 188.0 146.4 203.2 11.3 828.7 709.7 28.0 35.31
237.5 237.5 0.0 228.0 0.0 932.0 594.0 270.0 38.41
326.5 0.0 137.9 199.0 10.8 801.1 792.5 28.0 38.63
213.7 98.1 24.5 181.7 6.9 1065.8 785.4 56.0 50.77
255.3 98.8 77.0 188.6 6.5 919.0 749.3 28.0 33.8
339.2 0.0 0.0 185.7 0.0 1069.2 754.3 7.0 21.18
192.0 288.0 0.0 192.0 0.0 929.8 716.1 3.0 12.79
424.0 22.0 132.0 168.0 8.9 822.0 750.0 28.0 72.1
401.8 94.7 0.0 147.4 11.4 946.8 852.1 7.0 54.1
297.2 0.0 117.5 174.8 9.5 1022.8 753.5 3.0 21.91
273.0 0.0 90.0 199.0 11.0 931.0 762.0 28.0 32.24
140.0 133.0 103.0 200.0 7.0 916.0 753.0 28.0 36.44
298.1 0.0 107.5 163.6 12.8 953.2 784.0 28.0 35.87
220.8 147.2 0.0 185.7 0.0 1055.0 744.3 7.0 13.09
166.1 0.0 163.3 176.5 4.5 1058.6 780.1 3.0 10.76
356.0 0.0 142.0 193.0 11.0 801.0 778.0 28.0 40.87
183.9 122.6 0.0 203.5 0.0 959.2 800.0 90.0 32.53
198.6 132.4 0.0 192.0 0.0 978.4 825.5 90.0 38.07
310.0 0.0 0.0 192.0 0.0 1012.0 830.0 90.0 35.76
286.3 200.9 0.0 144.7 11.2 1004.6 803.7 3.0 24.4
250.0 0.0 95.7 191.8 5.3 948.9 857.2 28.0 27.22
288.0 192.0 0.0 192.0 0.0 932.0 717.8 7.0 23.52
522.0 0.0 0.0 146.0 0.0 896.0 896.0 28.0 74.99
323.7 282.8 0.0 183.8 10.3 942.7 659.9 7.0 49.8
295.8 0.0 0.0 185.7 0.0 1091.4 769.3 7.0 14.84
266.0 114.0 0.0 228.0 0.0 932.0 670.0 180.0 48.7
277.0 117.0 91.0 191.0 7.0 946.0 666.0 28.0 43.57
381.4 0.0 0.0 185.7 0.0 1104.6 784.3 7.0 14.54
250.0 0.0 95.7 191.8 5.3 948.9 857.2 3.0 8.49
212.5 0.0 100.4 159.3 8.7 1007.8 903.6 14.0 26.31
427.5 47.5 0.0 228.0 0.0 932.0 594.0 180.0 41.84
339.0 0.0 0.0 185.0 0.0 1069.0 754.0 7.0 21.16
190.7 0.0 125.4 162.1 7.8 1090.0 804.0 28.0 26.4
213.8 98.1 24.5 181.7 6.7 1066.0 785.5 56.0 47.13
198.6 132.4 0.0 192.0 0.0 978.4 825.5 180.0 41.72
166.8 250.2 0.0 203.5 0.0 975.6 692.6 28.0 33.95
318.8 212.5 0.0 155.7 14.3 852.1 880.4 56.0 66.1
313.0 145.0 0.0 178.0 8.0 1002.0 689.0 28.0 41.05
168.0 42.1 163.8 121.8 5.7 1058.7 780.1 56.0 32.85
251.4 0.0 118.3 192.9 5.8 1043.6 754.3 28.0 33.27
202.0 11.0 141.0 206.0 1.7 942.0 801.0 56.0 23.25
238.1 0.0 0.0 185.7 0.0 1118.8 789.3 28.0 17.58
250.2 166.8 0.0 203.5 0.0 977.6 694.1 90.0 47.71
214.9 53.8 121.9 155.6 9.6 1014.3 780.6 14.0 38.6
212.6 0.0 100.4 159.4 10.4 1003.8 903.8 3.0 13.33
182.0 45.2 122.0 170.2 8.2 1059.4 780.7 28.0 31.27
333.0 0.0 0.0 192.0 0.0 931.2 842.6 28.0 31.97
135.7 203.5 0.0 185.7 0.0 1076.2 759.3 28.0 18.2
167.0 187.0 195.0 185.0 7.0 898.0 636.0 28.0 23.89
168.0 42.1 163.8 121.8 5.7 1058.7 780.1 100.0 39.23
362.6 189.0 0.0 164.9 11.6 944.7 755.8 56.0 77.3
168.9 42.2 124.3 158.3 10.8 1080.8 796.2 56.0 39.15
251.8 0.0 99.9 146.1 12.4 1006.0 899.8 100.0 45.37
277.0 0.0 0.0 191.0 0.0 968.0 856.0 14.0 21.26
228.0 342.1 0.0 185.7 0.0 955.8 674.3 28.0 39.7
186.2 124.1 0.0 185.7 0.0 1083.4 764.3 28.0 17.6
167.0 75.4 167.0 164.0 7.9 1007.3 770.1 100.0 56.81
424.0 22.0 132.0 178.0 8.5 822.0 750.0 28.0 62.05
153.1 145.0 113.0 178.5 8.0 1001.9 688.7 28.0 25.56
212.0 0.0 124.8 159.0 7.8 1085.4 799.5 14.0 31.35
393.0 0.0 0.0 192.0 0.0 940.6 785.6 90.0 48.85
331.0 0.0 0.0 192.0 0.0 1025.0 821.0 28.0 31.74
331.0 0.0 0.0 192.0 0.0 1025.0 821.0 3.0 14.31
389.9 189.0 0.0 145.9 22.0 944.7 755.8 56.0 79.4
262.0 111.0 86.0 195.0 5.0 895.0 733.0 28.0 33.72
446.0 24.0 79.0 162.0 11.6 967.0 712.0 7.0 52.01
251.4 0.0 118.3 192.9 5.8 1043.6 754.3 56.0 39.27
380.0 0.0 0.0 228.0 0.0 932.0 670.0 365.0 52.52
299.8 0.0 119.8 211.5 9.9 878.2 727.6 28.0 23.84
152.6 238.7 0.0 200.0 6.3 1001.8 683.9 28.0 26.86
313.8 0.0 112.6 169.9 10.1 925.3 782.9 28.0 38.46
254.0 0.0 0.0 198.0 0.0 968.0 863.0 180.0 27.63
218.9 0.0 124.1 158.5 11.3 1078.7 794.9 3.0 15.34
284.0 120.0 0.0 168.0 7.0 970.0 794.0 28.0 40.93
236.0 157.0 0.0 192.0 0.0 972.6 749.1 7.0 20.42
152.0 178.0 139.0 168.0 18.0 944.0 695.0 28.0 36.35
213.7 0.0 174.7 154.8 10.2 1053.5 776.4 56.0 46.64
173.8 93.4 159.9 172.3 9.7 1007.2 746.6 14.0 29.55
194.7 0.0 100.5 165.6 7.5 1006.4 905.9 3.0 12.45
122.6 183.9 0.0 203.5 0.0 958.2 800.1 3.0 3.32
213.8 98.1 24.5 181.7 6.7 1066.0 785.5 28.0 40.23
214.9 53.8 121.9 155.6 9.6 1014.3 780.6 28.0 52.2
304.0 76.0 0.0 228.0 0.0 932.0 670.0 365.0 55.26
313.3 145.0 0.0 178.5 8.0 867.2 824.0 28.0 40.93
387.0 20.0 94.0 157.0 14.3 938.0 845.0 7.0 36.84
500.0 0.0 0.0 200.0 0.0 1125.0 613.0 180.0 51.04
362.6 189.0 0.0 164.9 11.6 944.7 755.8 28.0 71.3
230.0 0.0 118.3 195.5 4.6 1029.4 758.6 28.0 24.48
246.8 0.0 125.1 143.3 12.0 1086.8 800.9 56.0 60.32
167.4 129.9 128.6 175.5 7.8 1006.3 746.6 14.0 31.81
190.0 190.0 0.0 228.0 0.0 932.0 670.0 365.0 53.69
522.0 0.0 0.0 146.0 0.0 896.0 896.0 7.0 50.51
540.0 0.0 0.0 173.0 0.0 1125.0 613.0 7.0 52.61
202.0 11.0 141.0 206.0 1.7 942.0 801.0 3.0 9.85
500.0 0.0 0.0 200.0 0.0 1125.0 613.0 28.0 44.09
225.0 0.0 0.0 181.0 0.0 1113.0 833.0 7.0 11.17
230.0 0.0 118.3 195.5 4.6 1029.4 758.6 100.0 35.34
475.0 0.0 0.0 228.0 0.0 932.0 594.0 180.0 42.62
359.0 19.0 141.0 154.0 10.9 942.0 801.0 3.0 23.64
323.7 282.8 0.0 183.8 10.3 942.7 659.9 3.0 28.3
277.2 97.8 24.5 160.7 11.2 1061.7 782.5 100.0 66.95
158.4 0.0 194.9 219.7 11.0 897.7 712.9 28.0 8.54
229.7 0.0 118.2 195.2 6.1 1028.1 757.6 56.0 31.35
162.0 207.0 172.0 216.0 10.0 822.0 638.0 28.0 39.84
349.0 0.0 0.0 192.0 0.0 1047.0 806.0 90.0 39.49
387.0 20.0 94.0 157.0 14.3 938.0 845.0 28.0 50.24
159.8 250.0 0.0 168.4 12.2 1049.3 688.2 28.0 39.46
212.6 0.0 100.4 159.4 10.4 1003.8 903.8 14.0 25.37
222.4 0.0 96.7 189.3 4.5 967.1 870.3 100.0 40.71
200.0 133.0 0.0 192.0 0.0 965.4 806.2 28.0 30.44
230.0 0.0 118.3 195.5 4.6 1029.4 758.6 14.0 20.08
316.1 210.7 0.0 185.7 0.0 977.0 689.3 7.0 24.44
166.8 250.2 0.0 203.5 0.0 975.6 692.6 90.0 43.57
255.0 0.0 0.0 192.0 0.0 889.8 945.0 90.0 21.86
307.0 0.0 0.0 193.0 0.0 968.0 812.0 365.0 36.15
250.0 180.0 95.0 159.0 9.5 860.0 800.0 28.0 67.87
279.8 128.9 100.4 172.4 9.5 825.1 804.9 28.0 52.83
190.7 0.0 125.4 162.1 7.8 1090.0 804.0 3.0 15.04
222.4 0.0 96.7 189.3 4.5 967.1 870.3 28.0 24.89
401.8 94.7 0.0 147.4 11.4 946.8 852.1 56.0 73.7
202.0 11.0 141.0 206.0 1.7 942.0 801.0 7.0 15.07
389.9 189.0 0.0 145.9 22.0 944.7 755.8 3.0 40.6
342.0 38.0 0.0 228.0 0.0 932.0 670.0 90.0 50.46
238.1 0.0 94.1 186.7 7.0 949.9 847.0 28.0 30.23
260.9 100.5 78.3 200.6 8.6 864.5 761.5 28.0 32.4
397.0 0.0 0.0 185.7 0.0 1040.6 734.3 28.0 33.08
277.0 0.0 0.0 191.0 0.0 968.0 856.0 90.0 31.25
265.0 111.0 86.0 195.0 6.0 833.0 790.0 28.0 41.54
250.0 0.0 95.7 187.4 5.5 956.9 861.2 100.0 42.35
295.7 0.0 95.6 171.5 8.9 955.1 859.2 14.0 35.23
296.0 0.0 0.0 192.0 0.0 1085.0 765.0 7.0 14.2
157.0 236.0 0.0 192.0 0.0 935.4 781.2 90.0 43.38
389.9 189.0 0.0 145.9 22.0 944.7 755.8 7.0 59.09
181.9 272.8 0.0 185.7 0.0 1012.4 714.3 28.0 27.94
393.0 0.0 0.0 192.0 0.0 940.6 785.6 3.0 19.2
190.3 0.0 125.2 161.9 9.9 1088.1 802.6 100.0 40.39
304.8 0.0 99.6 196.0 9.8 959.4 705.2 28.0 30.12
167.4 129.9 128.6 175.5 7.8 1006.3 746.6 56.0 51.72
230.0 0.0 118.3 195.5 4.6 1029.4 758.6 3.0 10.03
190.3 0.0 125.2 161.9 9.9 1088.1 802.6 28.0 28.47
213.7 0.0 174.7 154.8 10.2 1053.5 776.4 14.0 33.73
172.4 13.6 172.4 156.8 4.1 1006.3 856.4 14.0 29.75
167.0 75.4 167.0 164.0 7.9 1007.3 770.1 28.0 41.41
305.3 203.5 0.0 203.5 0.0 965.4 631.0 7.0 25.89
425.0 106.3 0.0 151.4 18.6 936.0 803.7 3.0 36.3
302.0 0.0 0.0 203.0 0.0 974.0 817.0 14.0 18.13
249.1 0.0 98.8 158.1 12.8 987.8 889.0 28.0 30.85
330.5 169.6 0.0 194.9 8.1 811.0 802.3 28.0 56.62
289.0 0.0 0.0 192.0 0.0 913.2 895.3 28.0 25.57
331.0 0.0 0.0 192.0 0.0 978.0 825.0 90.0 37.23
237.5 237.5 0.0 228.0 0.0 932.0 594.0 7.0 26.26
310.0 0.0 0.0 192.0 0.0 1012.0 830.0 28.0 27.83
173.0 116.0 0.0 192.0 0.0 946.8 856.8 7.0 11.39
382.5 0.0 0.0 185.7 0.0 1047.8 739.3 7.0 24.07
210.7 316.1 0.0 185.7 0.0 977.0 689.3 28.0 37.81
165.0 0.0 143.6 163.8 0.0 1005.6 900.9 3.0 14.4
236.0 0.0 0.0 193.0 0.0 968.0 885.0 365.0 25.08
427.5 47.5 0.0 228.0 0.0 932.0 594.0 7.0 35.08
480.0 0.0 0.0 192.0 0.0 936.2 712.2 28.0 43.94
143.0 169.4 142.7 190.7 8.4 967.4 643.5 28.0 29.73
355.0 19.0 97.0 145.0 12.3 967.0 871.0 28.0 55.45
173.0 116.0 0.0 192.0 0.0 946.8 856.8 3.0 6.94
272.8 181.9 0.0 185.7 0.0 1012.4 714.3 28.0 31.38
374.0 189.2 0.0 170.1 10.1 926.1 756.7 28.0 61.09
305.3 203.5 0.0 203.5 0.0 965.4 631.0 28.0 43.38
500.0 0.0 0.0 140.0 4.0 966.0 853.0 28.0 67.57
236.0 0.0 0.0 193.0 0.0 968.0 885.0 7.0 9.99
190.3 0.0 125.2 161.9 9.9 1088.1 802.6 14.0 22.72
157.0 236.0 0.0 192.0 0.0 935.4 781.2 3.0 9.69
425.0 106.3 0.0 151.4 18.6 936.0 803.7 56.0 64.9
531.3 0.0 0.0 141.8 28.2 852.1 893.7 28.0 56.4
349.0 0.0 0.0 192.0 0.0 1047.0 806.0 3.0 14.99
520.0 0.0 0.0 170.0 5.2 855.0 855.0 28.0 60.28
236.0 157.0 0.0 192.0 0.0 972.6 749.1 28.0 32.88
314.0 0.0 113.0 170.0 10.0 925.0 783.0 28.0 38.46
162.0 214.0 164.0 202.0 10.0 820.0 680.0 28.0 30.65
380.0 0.0 0.0 228.0 0.0 932.0 670.0 180.0 53.1
108.3 162.4 0.0 203.5 0.0 938.2 849.0 7.0 7.72
290.4 0.0 96.2 168.1 9.4 961.2 865.0 14.0 34.67
531.3 0.0 0.0 141.8 28.2 852.1 893.7 3.0 41.3
446.0 24.0 79.0 162.0 11.6 967.0 712.0 28.0 44.42
166.1 0.0 163.3 176.5 4.5 1058.6 780.1 56.0 28.63
425.0 106.3 0.0 153.5 16.5 852.1 887.1 28.0 60.29
178.0 129.8 118.6 179.9 3.6 1007.3 746.8 3.0 20.73
202.0 11.0 141.0 206.0 1.7 942.0 801.0 28.0 21.97
222.4 0.0 96.7 189.3 4.5 967.1 870.3 56.0 29.45
491.0 26.0 123.0 201.0 3.9 822.0 699.0 7.0 37.92
147.0 115.0 89.0 202.0 9.0 860.0 829.0 28.0 19.99
149.0 117.6 91.7 182.9 7.1 953.4 780.3 28.0 23.52
350.0 0.0 0.0 203.0 0.0 974.0 775.0 90.0 31.35
500.1 0.0 0.0 200.0 3.0 1124.4 613.2 28.0 44.13
349.0 0.0 0.0 192.0 0.0 1056.0 809.0 28.0 33.61
339.0 0.0 0.0 185.0 0.0 1069.0 754.0 28.0 31.84
531.3 0.0 0.0 141.8 28.2 852.1 893.7 91.0 59.2
318.8 212.5 0.0 155.7 14.3 852.1 880.4 3.0 25.2
297.2 0.0 117.5 174.8 9.5 1022.8 753.5 100.0 56.74
141.3 212.0 0.0 203.5 0.0 971.8 748.5 28.0 29.89
332.5 142.5 0.0 228.0 0.0 932.0 594.0 270.0 40.27
424.0 22.0 132.0 178.0 8.5 822.0 750.0 7.0 39.0
181.4 0.0 167.0 169.6 7.6 1055.6 777.8 100.0 45.37
133.0 200.0 0.0 192.0 0.0 927.4 839.2 3.0 6.88
151.8 178.1 138.7 167.5 18.3 944.0 694.6 28.0 36.35
233.8 0.0 94.6 197.9 4.6 947.0 852.2 14.0 22.14
238.2 158.8 0.0 185.7 0.0 1040.6 734.3 28.0 26.91
151.0 0.0 184.0 167.0 12.0 991.0 772.0 28.0 15.57
237.5 237.5 0.0 228.0 0.0 932.0 594.0 180.0 36.25
375.0 93.8 0.0 126.6 23.4 852.1 992.6 28.0 56.7
540.0 0.0 0.0 173.0 0.0 1125.0 613.0 14.0 59.76
284.0 15.0 141.0 179.0 5.5 842.0 801.0 7.0 24.13
325.6 166.4 0.0 174.0 8.9 881.6 790.0 28.0 61.24
146.0 230.0 0.0 202.0 3.0 827.0 872.0 28.0 33.06
212.5 0.0 100.4 159.3 8.7 1007.8 903.6 100.0 42.92
230.0 0.0 118.3 195.5 4.6 1029.4 758.6 56.0 31.54
213.5 0.0 174.2 159.2 11.7 1043.6 771.9 100.0 52.96
525.0 0.0 0.0 189.0 0.0 1125.0 613.0 3.0 33.8
297.8 137.2 106.9 201.3 6.0 878.4 655.3 28.0 53.52
525.0 0.0 0.0 189.0 0.0 1125.0 613.0 7.0 42.42
379.5 151.2 0.0 153.9 15.9 1134.3 605.0 7.0 47.1
326.0 0.0 138.0 199.0 11.0 801.0 792.0 28.0 40.68
154.8 0.0 142.8 193.3 9.1 877.2 867.7 28.0 9.74
162.0 190.0 148.0 179.0 19.0 838.0 741.0 28.0 33.76
251.4 0.0 118.3 192.9 5.8 1043.6 754.3 100.0 40.15
289.0 0.0 0.0 192.0 0.0 913.2 895.3 90.0 32.07
236.9 91.7 71.5 246.9 6.0 852.9 695.4 28.0 28.63
491.0 26.0 123.0 210.0 3.9 882.0 699.0 56.0 59.59
339.0 0.0 0.0 197.0 0.0 968.0 781.0 180.0 36.45
307.0 0.0 0.0 193.0 0.0 968.0 812.0 90.0 32.92
277.1 0.0 97.4 160.6 11.8 973.9 875.6 100.0 55.64
275.0 180.0 120.0 162.0 10.4 830.0 765.0 28.0 76.24
236.0 0.0 0.0 194.0 0.0 968.0 885.0 3.0 6.47
323.7 282.8 0.0 183.8 10.3 942.7 659.9 56.0 80.2
540.0 0.0 0.0 173.0 0.0 1125.0 613.0 3.0 41.64
153.0 145.0 113.0 178.0 8.0 867.0 824.0 28.0 26.23
380.0 95.0 0.0 228.0 0.0 932.0 594.0 180.0 40.76
212.0 141.3 0.0 203.5 0.0 973.4 750.0 28.0 33.0
255.5 170.3 0.0 185.7 0.0 1026.6 724.3 7.0 17.24
166.1 0.0 163.3 176.5 4.5 1058.6 780.1 14.0 25.48
158.6 148.9 116.0 175.1 15.0 953.3 719.7 28.0 27.68
218.2 54.6 123.8 140.8 11.9 1075.7 792.7 3.0 27.42
298.0 137.0 107.0 201.0 6.0 878.0 655.0 28.0 53.52
213.5 0.0 174.2 154.6 11.7 1052.3 775.5 28.0 45.94
362.6 189.0 0.0 164.9 11.6 944.7 755.8 91.0 79.3
405.0 0.0 0.0 175.0 0.0 1120.0 695.0 28.0 52.3
525.0 0.0 0.0 189.0 0.0 1125.0 613.0 270.0 67.11
159.0 209.0 161.0 201.0 7.0 848.0 669.0 28.0 30.88
132.0 206.5 160.9 178.9 5.5 866.9 735.6 28.0 33.31
516.0 0.0 0.0 162.0 8.3 801.0 802.0 28.0 41.37
333.0 0.0 0.0 192.0 0.0 931.2 842.6 90.0 41.68
210.7 316.1 0.0 185.7 0.0 977.0 689.3 7.0 21.82
165.0 128.5 132.1 175.1 8.1 1005.8 746.6 100.0 55.02
266.0 112.0 87.0 178.0 10.0 910.0 745.0 28.0 39.42
116.0 173.0 0.0 192.0 0.0 909.8 891.9 3.0 6.28
238.2 158.8 0.0 185.7 0.0 1040.6 734.3 7.0 15.69
362.6 189.0 0.0 164.9 11.6 944.7 755.8 3.0 35.3
277.1 0.0 97.4 160.6 11.8 973.9 875.6 56.0 51.04
326.0 166.0 0.0 174.0 9.0 882.0 790.0 28.0 61.23
480.0 0.0 0.0 192.0 0.0 936.2 712.2 3.0 24.4
157.0 236.0 0.0 192.0 0.0 935.4 781.2 7.0 16.89
446.0 24.0 79.0 162.0 11.6 967.0 712.0 7.0 38.02
153.0 145.0 0.0 178.0 8.0 1000.0 822.0 28.0 19.01
382.5 0.0 0.0 185.7 0.0 1047.8 739.3 28.0 37.44
153.6 144.2 112.3 220.1 10.1 923.2 657.9 28.0 16.5
439.0 177.0 0.0 186.0 11.1 884.9 707.9 28.0 66.0
475.0 0.0 0.0 228.0 0.0 932.0 594.0 270.0 42.13
190.3 0.0 125.2 166.6 9.9 1079.0 798.9 56.0 31.72
213.7 98.1 24.5 181.7 6.9 1065.8 785.4 3.0 18.0
190.7 0.0 125.4 162.1 7.8 1090.0 804.0 14.0 21.06
446.0 24.0 79.0 162.0 11.6 967.0 712.0 56.0 56.14
139.6 209.4 0.0 192.0 0.0 1047.0 806.9 3.0 8.06
260.0 101.0 78.0 171.0 10.0 936.0 763.0 28.0 49.77
252.3 0.0 98.8 146.3 14.2 987.8 889.0 28.0 50.6
339.0 0.0 0.0 197.0 0.0 968.0 781.0 90.0 35.17
236.0 0.0 0.0 194.0 0.0 968.0 885.0 28.0 18.42
203.5 305.3 0.0 203.5 0.0 963.4 630.0 7.0 19.54
144.8 0.0 133.6 180.8 11.1 979.5 811.5 28.0 13.2
251.4 0.0 118.3 192.9 5.8 1043.6 754.3 14.0 20.73
153.0 102.0 0.0 192.0 0.0 888.0 943.1 3.0 4.78
146.0 173.0 0.0 182.0 3.0 986.0 817.0 28.0 23.74
153.0 239.0 0.0 200.0 6.0 1002.0 684.0 28.0 26.86
194.7 0.0 100.5 165.6 7.5 1006.4 905.9 56.0 33.96
286.3 200.9 0.0 144.7 11.2 1004.6 803.7 91.0 76.8
349.0 0.0 0.0 192.0 0.0 1056.0 809.0 120.0 40.86
491.0 26.0 123.0 210.0 3.9 882.0 699.0 3.0 25.61
280.0 129.0 100.0 172.0 9.0 825.0 805.0 28.0 52.82
255.0 0.0 0.0 192.0 0.0 889.8 945.0 3.0 8.2
203.5 305.3 0.0 203.5 0.0 963.4 630.0 28.0 41.68
203.5 305.3 0.0 203.5 0.0 963.4 630.0 3.0 9.56
381.4 0.0 0.0 185.7 0.0 1104.6 784.3 28.0 22.49
194.7 0.0 100.5 170.2 7.5 998.0 901.8 3.0 12.18
218.9 0.0 124.1 158.5 11.3 1078.7 794.9 28.0 30.22
190.0 190.0 0.0 228.0 0.0 932.0 670.0 180.0 46.93
284.0 119.7 0.0 168.3 7.2 970.4 794.2 28.0 40.93
173.0 116.0 0.0 192.0 0.0 946.8 856.8 90.0 32.1
249.1 0.0 98.8 158.1 12.8 987.8 889.0 3.0 15.36
276.4 116.0 90.3 179.6 8.9 870.1 768.3 28.0 44.28
140.0 164.0 128.0 237.0 6.0 869.0 656.0 28.0 35.23
148.0 0.0 182.0 181.0 15.0 839.0 884.0 28.0 15.52
355.0 19.0 97.0 145.0 13.1 967.0 871.0 28.0 44.03
252.3 0.0 98.8 146.3 14.2 987.8 889.0 14.0 42.29
540.0 0.0 0.0 173.0 0.0 1125.0 613.0 270.0 74.17
212.5 0.0 100.4 159.3 8.7 1007.8 903.6 56.0 42.55
281.0 0.0 0.0 186.0 0.0 1104.0 774.0 7.0 14.5
296.0 0.0 0.0 192.0 0.0 1085.0 765.0 90.0 29.39
229.7 0.0 118.2 195.2 6.1 1028.1 757.6 100.0 40.86
190.0 190.0 0.0 228.0 0.0 932.0 670.0 90.0 42.33
148.1 0.0 136.6 158.1 16.1 1001.8 830.1 28.0 17.96
237.0 92.0 71.0 247.0 6.0 853.0 695.0 28.0 28.63
194.7 0.0 100.5 170.2 7.5 998.0 901.8 100.0 44.28
233.8 0.0 94.6 197.9 4.6 947.0 852.2 56.0 27.66
337.9 189.0 0.0 174.9 9.5 944.7 755.8 91.0 67.8
173.8 93.4 159.9 172.3 9.7 1007.2 746.6 28.0 37.81
500.0 0.0 0.0 151.0 9.0 1033.0 655.0 28.0 69.84
387.0 20.0 94.0 157.0 13.9 938.0 845.0 7.0 45.9
500.0 0.0 0.0 200.0 0.0 1125.0 613.0 14.0 36.94
264.5 111.0 86.5 195.5 5.9 832.6 790.4 28.0 41.54
153.0 145.0 113.0 178.0 8.0 1002.0 689.0 28.0 25.56
425.0 106.3 0.0 153.5 16.5 852.1 887.1 7.0 49.2
317.9 0.0 126.5 209.7 5.7 860.5 736.6 28.0 40.06
200.0 0.0 0.0 180.0 0.0 1125.0 845.0 7.0 7.84
446.0 24.0 79.0 162.0 11.6 967.0 712.0 28.0 57.03
168.9 42.2 124.3 158.3 10.8 1080.8 796.2 3.0 7.4
246.8 0.0 125.1 143.3 12.0 1086.8 800.9 3.0 23.52
116.0 173.0 0.0 192.0 0.0 909.8 891.9 7.0 10.09
155.0 0.0 143.0 193.0 9.0 1047.0 697.0 28.0 12.46
310.0 0.0 0.0 192.0 0.0 971.0 850.6 3.0 9.87
214.9 53.8 121.9 155.6 9.6 1014.3 780.6 56.0 53.96
273.0 105.0 82.0 210.0 9.0 904.0 680.0 28.0 37.17
102.0 153.0 0.0 192.0 0.0 887.0 942.0 3.0 4.57
387.0 20.0 94.0 157.0 14.3 938.0 845.0 3.0 22.75
251.4 0.0 118.3 188.5 6.4 1028.4 757.7 28.0 32.66
178.0 129.8 118.6 179.9 3.6 1007.3 746.8 28.0 39.16
540.0 0.0 0.0 173.0 0.0 1125.0 613.0 28.0 67.31
246.8 0.0 125.1 143.3 12.0 1086.8 800.9 100.0 66.42
272.8 105.1 81.8 209.7 9.0 904.0 679.7 28.0 37.17
150.7 0.0 185.3 166.7 15.6 1074.5 678.0 28.0 13.46
286.3 200.9 0.0 144.7 11.2 1004.6 803.7 28.0 67.7
300.0 0.0 0.0 184.0 0.0 1075.0 795.0 28.0 26.85
334.0 17.6 158.0 189.0 15.3 967.0 633.0 28.0 44.33
387.0 20.0 94.0 157.0 11.6 938.0 845.0 28.0 46.68
362.6 189.0 0.0 164.9 11.6 944.7 755.8 7.0 55.9
212.1 0.0 121.6 180.3 5.7 1057.6 779.3 14.0 20.92
254.0 0.0 0.0 198.0 0.0 968.0 863.0 3.0 9.31
143.0 169.0 143.0 191.0 8.0 967.0 643.0 28.0 29.72
192.0 288.0 0.0 192.0 0.0 929.8 716.1 7.0 21.48
322.2 0.0 115.6 196.0 10.4 817.9 813.4 28.0 31.18
154.0 144.0 112.0 220.0 10.0 923.0 658.0 28.0 16.5
387.0 20.0 94.0 157.0 13.9 938.0 845.0 28.0 46.68
350.0 0.0 0.0 203.0 0.0 974.0 775.0 180.0 32.72
475.0 118.8 0.0 181.1 8.9 852.1 781.5 56.0 72.3
313.0 145.0 0.0 178.0 8.0 867.0 824.0 28.0 44.39
250.2 166.8 0.0 203.5 0.0 977.6 694.1 7.0 19.35
143.6 0.0 174.9 158.4 17.9 942.7 844.5 28.0 15.42
155.0 184.0 143.0 194.0 9.0 880.0 699.0 28.0 28.99
203.5 135.7 0.0 185.7 0.0 1076.2 759.3 7.0 11.96
168.0 42.1 163.8 121.8 5.7 1058.7 780.1 28.0 24.24
339.0 0.0 0.0 197.0 0.0 968.0 781.0 365.0 38.89
212.5 0.0 100.4 159.3 8.7 1007.8 903.6 3.0 13.54
374.0 0.0 0.0 190.0 7.0 1013.0 730.0 28.0 39.05
331.0 0.0 0.0 192.0 0.0 978.0 825.0 180.0 39.0
425.0 106.3 0.0 153.5 16.5 852.1 887.1 7.0 49.2
491.0 26.0 123.0 201.0 3.9 822.0 699.0 28.0 57.92
141.3 212.0 0.0 203.5 0.0 971.8 748.5 90.0 39.66
380.0 95.0 0.0 228.0 0.0 932.0 594.0 270.0 41.15
178.0 129.8 118.6 179.9 3.6 1007.3 746.8 56.0 48.59
289.0 0.0 0.0 192.0 0.0 913.2 895.3 3.0 11.65
359.0 19.0 141.0 154.0 10.9 942.0 801.0 56.0 68.75
388.6 97.1 0.0 157.9 12.1 852.1 925.7 91.0 57.6
425.0 106.3 0.0 153.5 16.5 852.1 887.1 91.0 65.2
337.9 189.0 0.0 174.9 9.5 944.7 755.8 7.0 35.1
212.1 0.0 121.6 180.3 5.7 1057.6 779.3 56.0 34.2
159.0 187.0 0.0 176.0 11.0 990.0 789.0 28.0 32.76
339.2 0.0 0.0 185.7 0.0 1069.2 754.3 28.0 31.9
213.7 98.1 24.5 181.7 6.9 1065.8 785.4 14.0 30.39
313.0 161.0 0.0 178.0 10.0 917.0 759.0 28.0 52.44
178.0 129.8 118.6 179.9 3.6 1007.3 746.8 100.0 49.99
213.5 0.0 174.2 159.2 11.7 1043.6 771.9 14.0 29.59
252.0 0.0 0.0 186.0 0.0 1111.0 784.0 7.0 11.47
133.0 200.0 0.0 192.0 0.0 927.4 839.2 7.0 13.66
376.0 0.0 0.0 214.6 0.0 1003.5 762.4 3.0 16.28
349.0 0.0 0.0 192.0 0.0 1047.0 806.9 3.0 15.05
108.3 162.4 0.0 203.5 0.0 938.2 849.0 90.0 29.23
172.4 13.6 172.4 156.8 4.1 1006.3 856.4 100.0 37.68
212.1 0.0 121.6 180.3 5.7 1057.6 779.3 28.0 24.9
166.1 0.0 163.3 176.5 4.5 1058.6 780.1 100.0 33.54
376.0 0.0 0.0 214.6 0.0 1003.5 762.4 28.0 31.97
362.6 189.0 0.0 164.9 11.6 944.7 755.8 3.0 35.3
302.0 0.0 0.0 203.0 0.0 974.0 817.0 180.0 26.74
213.7 98.1 24.5 181.7 6.9 1065.8 785.4 100.0 53.9
425.0 106.3 0.0 153.5 16.5 852.1 887.1 3.0 33.4
475.0 0.0 0.0 228.0 0.0 932.0 594.0 90.0 42.23
318.8 212.5 0.0 155.7 14.3 852.1 880.4 28.0 55.5
336.0 0.0 0.0 182.0 3.0 986.0 817.0 28.0 44.86
475.0 0.0 0.0 228.0 0.0 932.0 594.0 7.0 38.6
237.5 237.5 0.0 228.0 0.0 932.0 594.0 90.0 33.12
339.0 0.0 0.0 185.0 0.0 1060.0 754.0 28.0 31.65
212.1 0.0 121.6 180.3 5.7 1057.6 779.3 3.0 12.47
238.1 0.0 94.1 186.7 7.0 949.9 847.0 100.0 44.3
393.0 0.0 0.0 192.0 0.0 940.0 758.0 90.0 48.79
194.7 0.0 100.5 170.2 7.5 998.0 901.8 14.0 24.28
157.0 214.0 152.0 200.0 9.0 819.0 704.0 28.0 33.05
255.0 0.0 0.0 192.0 0.0 889.8 945.0 7.0 10.22
374.0 189.2 0.0 170.1 10.1 926.1 756.7 56.0 63.4
172.4 13.6 172.4 156.8 4.1 1006.3 856.4 28.0 33.69
359.0 19.0 141.0 154.0 10.9 942.0 801.0 28.0 62.94
298.1 0.0 107.0 186.4 6.1 879.0 815.2 28.0 42.64
309.9 142.8 111.2 167.8 22.1 913.9 651.2 28.0 38.22
183.9 122.6 0.0 203.5 0.0 959.2 800.0 3.0 4.9
277.0 116.8 91.0 190.6 7.0 946.5 665.6 28.0 43.58
525.0 0.0 0.0 189.0 0.0 1125.0 613.0 90.0 58.78
139.6 209.4 0.0 192.0 0.0 1047.0 806.9 7.0 14.59
362.6 189.0 0.0 164.9 11.6 944.7 755.8 56.0 77.3
102.0 153.0 0.0 192.0 0.0 887.0 942.0 7.0 7.68
485.0 0.0 0.0 146.0 0.0 1120.0 800.0 28.0 71.99
313.0 145.0 0.0 127.0 8.0 1000.0 822.0 28.0 44.52
147.8 175.1 0.0 171.2 2.2 1000.0 828.5 28.0 26.92
362.6 189.0 0.0 164.9 11.6 944.7 755.8 91.0 79.3
475.0 118.8 0.0 181.1 8.9 852.1 781.5 7.0 55.6
374.0 189.2 0.0 170.1 10.1 926.1 756.7 7.0 46.2
313.3 262.2 0.0 175.5 8.6 1046.9 611.8 7.0 42.8
397.0 0.0 0.0 185.0 0.0 1040.0 734.0 28.0 39.09
154.8 0.0 142.8 193.3 9.1 1047.4 696.7 28.0 12.46
213.5 0.0 174.2 154.6 11.7 1052.3 775.5 3.0 17.37
277.0 0.0 0.0 191.0 0.0 968.0 856.0 360.0 33.7
275.1 0.0 121.4 159.5 9.9 1053.6 777.5 56.0 56.85
136.0 162.0 126.0 172.0 10.0 923.0 764.0 28.0 29.07
387.0 20.0 94.0 157.0 13.9 938.0 845.0 3.0 25.51
252.5 0.0 0.0 185.7 0.0 1111.6 784.3 28.0 19.77
446.0 24.0 79.0 162.0 11.6 967.0 712.0 3.0 35.36
272.6 0.0 89.6 198.7 10.6 931.3 762.2 28.0 32.25
250.0 0.0 0.0 182.0 0.0 1100.0 820.0 7.0 12.73
288.0 192.0 0.0 192.0 0.0 932.0 717.8 28.0 38.8
307.0 0.0 0.0 193.0 0.0 968.0 812.0 3.0 12.54
144.0 170.0 133.0 192.0 8.0 814.0 805.0 28.0 29.87
153.0 102.0 0.0 192.0 0.0 888.0 943.1 7.0 8.37
451.0 0.0 0.0 165.0 11.3 1030.0 745.0 28.0 78.8
310.0 0.0 0.0 192.0 0.0 1012.0 830.0 7.0 17.24
382.0 0.0 0.0 185.0 0.0 1047.0 739.0 7.0 24.0
152.0 0.0 112.0 184.0 8.0 992.0 816.0 28.0 12.18
139.6 209.4 0.0 192.0 0.0 1047.0 806.9 180.0 44.21
272.8 181.9 0.0 185.7 0.0 1012.4 714.3 7.0 19.77
165.0 0.0 143.6 163.8 0.0 1005.6 900.9 14.0 16.88
231.8 0.0 121.6 174.0 6.7 1056.4 778.5 3.0 15.44
234.0 156.0 0.0 189.0 5.9 981.0 760.0 28.0 39.3
141.3 212.0 0.0 203.5 0.0 971.8 748.5 3.0 4.83
332.5 142.5 0.0 228.0 0.0 932.0 594.0 7.0 30.28
231.8 0.0 121.6 174.0 6.7 1056.4 778.5 28.0 33.73
425.0 106.3 0.0 153.5 16.5 852.1 887.1 91.0 65.2
400.0 0.0 0.0 187.0 0.0 1025.0 745.0 7.0 30.14
362.6 189.0 0.0 164.9 11.6 944.7 755.8 28.0 71.3
475.0 0.0 0.0 228.0 0.0 932.0 594.0 28.0 39.29
313.3 145.0 0.0 178.5 8.0 1001.9 688.7 28.0 41.05
287.0 121.0 94.0 188.0 9.0 904.0 696.0 28.0 41.94
200.0 133.0 0.0 192.0 0.0 965.4 806.2 7.0 17.17
275.0 0.0 0.0 183.0 0.0 1088.0 808.0 7.0 14.2
525.0 0.0 0.0 189.0 0.0 1125.0 613.0 28.0 55.94
149.0 153.0 194.0 192.0 8.0 935.0 623.0 28.0 24.58
287.3 120.5 93.9 187.6 9.2 904.4 695.9 28.0 43.8
491.0 26.0 123.0 201.0 3.9 822.0 699.0 56.0 61.86
475.0 0.0 0.0 162.0 9.5 1044.0 662.0 28.0 58.52
424.0 22.0 132.0 178.0 8.5 822.0 750.0 56.0 65.7
540.0 0.0 0.0 162.0 2.5 1055.0 676.0 28.0 61.89
362.6 189.0 0.0 164.9 11.6 944.7 755.8 56.0 77.3
310.0 143.0 111.0 168.0 22.0 914.0 651.0 28.0 33.69
313.3 262.2 0.0 175.5 8.6 1046.9 611.8 56.0 64.9
304.0 76.0 0.0 228.0 0.0 932.0 670.0 270.0 54.38
212.6 0.0 100.4 159.4 10.4 1003.8 903.8 100.0 47.74
305.3 203.5 0.0 203.5 0.0 965.4 631.0 90.0 54.6
200.0 200.0 0.0 190.0 0.0 1145.0 660.0 28.0 49.25
135.0 0.0 166.0 180.0 10.0 961.0 805.0 28.0 13.29
286.3 200.9 0.0 144.7 11.2 1004.6 803.7 7.0 38.0
393.0 0.0 0.0 192.0 0.0 940.6 785.6 7.0 27.74
182.0 45.2 122.0 170.2 8.2 1059.4 780.7 56.0 43.5
540.0 0.0 0.0 173.0 0.0 1125.0 613.0 90.0 69.66
349.0 0.0 0.0 192.0 0.0 1056.0 809.0 3.0 15.87
133.1 210.2 0.0 195.7 3.1 949.4 795.3 28.0 28.94
439.0 177.0 0.0 186.0 11.1 884.9 707.9 7.0 56.1
251.4 0.0 118.3 188.5 6.4 1028.4 757.7 100.0 44.21
349.0 0.0 0.0 192.0 0.0 1047.0 806.0 360.0 42.13
190.7 0.0 125.4 162.1 7.8 1090.0 804.0 100.0 40.57
297.0 0.0 0.0 186.0 0.0 1040.0 734.0 7.0 30.96
261.9 110.5 86.1 195.4 5.0 895.2 732.6 28.0 33.72
350.0 0.0 0.0 203.0 0.0 974.0 775.0 28.0 27.34
397.0 0.0 0.0 186.0 0.0 1040.0 734.0 28.0 36.94
143.7 170.2 132.6 191.6 8.5 814.1 805.3 28.0 29.87
212.1 0.0 121.6 180.3 5.7 1057.6 779.3 100.0 39.61
480.0 0.0 0.0 192.0 0.0 936.2 712.2 90.0 54.32
427.5 47.5 0.0 228.0 0.0 932.0 594.0 270.0 43.01
332.5 142.5 0.0 228.0 0.0 932.0 594.0 180.0 39.78
251.8 0.0 99.9 146.1 12.4 1006.0 899.8 14.0 33.36
385.0 0.0 0.0 186.0 0.0 966.0 763.0 1.0 6.27
152.7 144.7 0.0 178.1 8.0 999.7 822.2 28.0 19.01
250.0 0.0 95.7 187.4 5.5 956.9 861.2 14.0 24.92
277.1 0.0 97.4 160.6 11.8 973.9 875.6 14.0 41.89
166.8 250.2 0.0 203.5 0.0 975.6 692.6 7.0 15.75
310.0 0.0 0.0 192.0 0.0 970.0 850.0 7.0 14.99
290.4 0.0 96.2 168.1 9.4 961.2 865.0 3.0 22.5
304.0 76.0 0.0 228.0 0.0 932.0 670.0 28.0 47.81
342.0 38.0 0.0 228.0 0.0 932.0 670.0 270.0 55.06
288.0 192.0 0.0 192.0 0.0 932.0 717.8 90.0 50.53
379.5 151.2 0.0 153.9 15.9 1134.3 605.0 91.0 56.5
288.0 192.0 0.0 192.0 0.0 932.0 717.8 3.0 16.11
303.6 139.9 0.0 213.5 6.2 895.5 722.5 28.0 33.42
158.0 0.0 195.0 220.0 11.0 898.0 713.0 28.0 8.54
304.0 76.0 0.0 228.0 0.0 932.0 670.0 90.0 49.19
446.0 24.0 79.0 162.0 11.6 967.0 712.0 28.0 51.02
233.8 0.0 94.6 197.9 4.6 947.0 852.2 28.0 22.84
376.0 0.0 0.0 214.6 0.0 1003.5 762.4 14.0 25.62
252.1 97.1 75.6 193.8 8.3 835.5 821.4 28.0 33.4
136.0 196.0 98.0 199.0 6.0 847.0 783.0 28.0 26.97
173.8 93.4 159.9 172.3 9.7 1007.2 746.6 100.0 50.94
222.4 0.0 96.7 189.3 4.5 967.1 870.3 14.0 24.45
218.2 54.6 123.8 140.8 11.9 1075.7 792.7 14.0 35.96
385.0 0.0 0.0 186.0 0.0 966.0 763.0 14.0 27.92
153.0 102.0 0.0 192.0 0.0 888.0 943.1 28.0 17.96
236.0 0.0 0.0 193.0 0.0 968.0 885.0 180.0 24.1
310.0 0.0 0.0 192.0 0.0 970.0 850.0 180.0 37.33
164.0 0.0 200.0 181.0 13.0 849.0 846.0 28.0 15.09
149.0 139.0 109.0 193.0 6.0 892.0 780.0 28.0 23.69
231.8 0.0 121.6 174.0 6.7 1056.4 778.5 14.0 26.77
238.1 0.0 0.0 185.7 0.0 1118.8 789.3 7.0 10.34
491.0 26.0 123.0 210.0 3.9 882.0 699.0 7.0 33.49
246.8 0.0 125.1 143.3 12.0 1086.8 800.9 14.0 42.22
182.0 45.2 122.0 170.2 8.2 1059.4 780.7 100.0 48.67
491.0 26.0 123.0 210.0 3.9 882.0 699.0 28.0 55.55
246.8 0.0 125.1 143.3 12.0 1086.8 800.9 28.0 52.5
331.0 0.0 0.0 192.0 0.0 978.0 825.0 360.0 41.24
194.7 0.0 100.5 165.6 7.5 1006.4 905.9 28.0 25.72
213.5 0.0 174.2 154.6 11.7 1052.3 775.5 56.0 51.43
190.0 190.0 0.0 228.0 0.0 932.0 670.0 270.0 50.66
213.7 0.0 174.7 154.8 10.2 1053.5 776.4 100.0 50.08
198.6 132.4 0.0 192.0 0.0 978.4 825.5 28.0 28.02
310.0 0.0 0.0 192.0 0.0 970.0 850.0 90.0 34.68
212.0 0.0 124.8 159.0 7.8 1085.4 799.5 3.0 19.52
192.0 288.0 0.0 192.0 0.0 929.8 716.1 28.0 39.32
178.0 129.8 118.6 179.9 3.6 1007.3 746.8 14.0 34.24
425.0 106.3 0.0 153.5 16.5 852.1 887.1 3.0 33.4
165.0 128.5 132.1 175.1 8.1 1005.8 746.6 28.0 46.39
397.0 0.0 0.0 185.7 0.0 1040.6 734.3 7.0 25.45
295.7 0.0 95.6 171.5 8.9 955.1 859.2 56.0 48.72
229.7 0.0 118.2 195.2 6.1 1028.1 757.6 3.0 13.36
446.0 24.0 79.0 162.0 10.3 967.0 712.0 28.0 53.39
251.4 0.0 118.3 188.5 6.4 1028.4 757.7 14.0 24.43
290.4 0.0 96.2 168.1 9.4 961.2 865.0 100.0 48.97
425.0 106.3 0.0 153.5 16.5 852.1 887.1 28.0 60.29
183.9 122.6 0.0 203.5 0.0 959.2 800.0 28.0 24.05
425.0 106.3 0.0 153.5 16.5 852.1 887.1 3.0 33.4
238.0 0.0 0.0 185.0 0.0 1118.0 789.0 28.0 17.54
159.1 186.7 0.0 175.6 11.3 989.6 788.9 28.0 32.77
491.0 26.0 123.0 201.0 3.9 822.0 699.0 3.0 29.55
172.4 13.6 172.4 156.8 4.1 1006.3 856.4 3.0 21.29
439.0 177.0 0.0 186.0 11.1 884.9 707.9 56.0 71.7
276.0 116.0 90.0 180.0 9.0 870.0 768.0 28.0 44.28
307.0 0.0 0.0 193.0 0.0 968.0 812.0 28.0 27.53
424.0 22.0 132.0 178.0 8.5 882.0 750.0 3.0 32.01
322.0 0.0 116.0 196.0 10.0 818.0 813.0 28.0 31.18
139.7 163.9 127.7 236.7 5.8 868.6 655.6 28.0 35.23
135.7 203.5 0.0 185.7 0.0 1076.2 759.3 7.0 7.51
295.7 0.0 95.6 171.5 8.9 955.1 859.2 28.0 39.94
397.0 17.2 158.0 167.0 20.8 967.0 633.0 28.0 55.65
168.0 42.1 163.8 121.8 5.7 1058.7 780.1 14.0 17.82
170.3 155.5 0.0 185.7 0.0 1026.6 724.3 28.0 25.73
122.6 183.9 0.0 203.5 0.0 958.2 800.1 90.0 33.19
251.8 0.0 99.9 146.1 12.4 1006.0 899.8 56.0 44.14
236.0 0.0 0.0 194.0 0.0 968.0 885.0 14.0 12.84
149.5 236.0 0.0 175.8 12.6 846.8 892.7 28.0 32.96
315.0 137.0 0.0 145.0 5.9 1130.0 745.0 28.0 81.75
314.0 145.0 113.0 179.0 8.0 869.0 690.0 28.0 46.23
500.0 0.0 0.0 200.0 0.0 1125.0 613.0 1.0 12.64
393.0 0.0 0.0 192.0 0.0 940.0 758.0 28.0 39.58
382.0 0.0 0.0 186.0 0.0 1047.0 739.0 28.0 37.42
155.0 183.0 0.0 193.0 9.0 1047.0 697.0 28.0 18.28
173.8 93.4 159.9 172.3 9.7 1007.2 746.6 3.0 15.82
251.4 0.0 118.3 192.9 5.8 1043.6 754.3 3.0 11.98
382.0 0.0 0.0 185.0 0.0 1047.0 739.0 28.0 37.42
500.0 0.0 0.0 200.0 0.0 1125.0 613.0 3.0 26.06
322.0 0.0 0.0 203.0 0.0 974.0 800.0 28.0 25.18
359.0 19.0 141.0 154.0 10.9 942.0 801.0 56.0 66.78
525.0 0.0 0.0 189.0 0.0 1125.0 613.0 14.0 48.4
250.0 0.0 95.7 191.8 5.3 948.9 857.2 14.0 24.66
318.8 212.5 0.0 155.7 14.3 852.1 880.4 7.0 33.4
450.1 50.0 0.0 200.0 3.0 1124.4 613.2 28.0 39.38
190.3 0.0 125.2 166.6 9.9 1079.0 798.9 14.0 19.42
540.0 0.0 0.0 173.0 0.0 1125.0 613.0 180.0 71.62
362.6 189.0 0.0 164.9 11.6 944.7 755.8 91.0 79.3
238.1 0.0 94.1 186.7 7.0 949.9 847.0 56.0 39.59
194.7 0.0 100.5 170.2 7.5 998.0 901.8 56.0 43.39
298.0 0.0 107.0 210.0 11.0 880.0 744.0 28.0 31.87
337.9 189.0 0.0 174.9 9.5 944.7 755.8 3.0 24.1
218.9 0.0 124.1 158.5 11.3 1078.7 794.9 56.0 37.27
281.0 0.0 0.0 185.0 0.0 1104.0 774.0 28.0 22.44
313.3 262.2 0.0 175.5 8.6 1046.9 611.8 28.0 59.8
359.0 19.0 141.0 154.0 10.9 942.0 801.0 7.0 35.75
469.0 117.2 0.0 137.8 32.2 852.1 840.5 28.0 66.9
134.7 0.0 165.7 180.2 10.0 961.0 804.9 28.0 13.29
277.1 0.0 97.4 160.6 11.8 973.9 875.6 28.0 48.28
237.5 237.5 0.0 228.0 0.0 932.0 594.0 365.0 39.0
144.0 136.0 106.0 178.0 7.0 941.0 774.0 28.0 26.14
251.4 0.0 118.3 188.5 6.4 1028.4 757.7 3.0 13.12
284.0 15.0 141.0 179.0 5.5 842.0 801.0 56.0 44.52
148.0 175.0 0.0 171.0 2.0 1000.0 828.0 28.0 26.92
312.9 160.5 0.0 177.6 9.6 916.6 759.5 28.0 52.45
366.0 187.0 0.0 191.0 7.0 824.0 757.0 28.0 65.91
322.0 149.0 0.0 186.0 8.0 951.0 709.0 28.0 52.42
212.0 0.0 124.8 159.0 7.8 1085.4 799.5 56.0 45.08
108.3 162.4 0.0 203.5 0.0 938.2 849.0 28.0 20.59
302.0 0.0 0.0 203.0 0.0 974.0 817.0 28.0 21.75
102.0 153.0 0.0 192.0 0.0 887.0 942.0 28.0 17.28
213.5 0.0 174.2 159.2 11.7 1043.6 771.9 56.0 51.26
233.8 0.0 94.6 197.9 4.6 947.0 852.2 3.0 10.38
213.5 0.0 174.2 159.2 11.7 1043.6 771.9 28.0 44.64
379.5 151.2 0.0 153.9 15.9 1134.3 605.0 3.0 28.6
500.0 0.0 0.0 200.0 0.0 1125.0 613.0 90.0 47.22
133.0 210.0 0.0 196.0 3.0 949.0 795.0 28.0 31.03
181.9 272.8 0.0 185.7 0.0 1012.4 714.3 7.0 12.37
374.3 0.0 0.0 190.2 6.7 1013.2 730.4 28.0 39.06
259.9 100.6 78.4 170.6 10.4 935.7 762.9 28.0 49.77
252.3 0.0 98.8 146.3 14.2 987.8 889.0 3.0 21.78
388.6 97.1 0.0 157.9 12.1 852.1 925.7 3.0 28.1
296.0 0.0 106.7 221.4 10.5 819.2 778.4 28.0 31.42
139.9 132.6 103.3 200.3 7.4 916.0 753.4 28.0 36.44
153.0 102.0 0.0 192.0 0.0 888.0 943.1 90.0 26.32
198.6 132.4 0.0 192.0 0.0 978.4 825.5 360.0 44.3
331.0 0.0 0.0 192.0 0.0 1025.0 821.0 7.0 17.44
165.0 128.5 132.1 175.1 8.1 1005.8 746.6 56.0 53.72
212.6 0.0 100.4 159.4 10.4 1003.8 903.8 56.0 44.4
214.9 53.8 121.9 155.6 9.6 1014.3 780.6 3.0 18.02
387.0 20.0 94.0 157.0 11.6 938.0 845.0 7.0 41.67
150.0 237.0 0.0 174.0 12.0 1069.0 675.0 28.0 37.43
385.0 0.0 136.0 158.0 20.0 903.0 768.0 28.0 55.55
290.4 0.0 96.2 168.1 9.4 961.2 865.0 28.0 34.74
305.3 203.5 0.0 203.5 0.0 965.4 631.0 3.0 14.14
362.6 189.0 0.0 164.9 11.6 944.7 755.8 91.0 79.3
238.1 0.0 94.1 186.7 7.0 949.9 847.0 14.0 25.69
350.0 0.0 0.0 203.0 0.0 974.0 775.0 7.0 18.13
255.0 0.0 0.0 192.0 0.0 889.8 945.0 28.0 18.75
144.0 0.0 175.0 158.0 18.0 943.0 844.0 28.0 15.42
374.0 189.2 0.0 170.1 10.1 926.1 756.7 91.0 64.9
200.0 133.0 0.0 192.0 0.0 965.4 806.2 90.0 43.25
190.3 0.0 125.2 166.6 9.9 1079.0 798.9 3.0 12.55
375.0 93.8 0.0 126.6 23.4 852.1 992.6 91.0 62.5
321.0 164.0 0.0 190.0 5.0 870.0 774.0 28.0 57.21
339.0 0.0 0.0 197.0 0.0 968.0 781.0 14.0 27.04
141.3 212.0 0.0 203.5 0.0 971.8 748.5 7.0 10.39
236.0 0.0 0.0 194.0 0.0 968.0 885.0 90.0 21.95
190.7 0.0 125.4 162.1 7.8 1090.0 804.0 56.0 35.34
333.0 0.0 0.0 192.0 0.0 931.2 842.6 7.0 23.4
289.0 134.0 0.0 195.0 6.0 924.0 760.0 28.0 46.24
305.0 0.0 100.0 196.0 10.0 959.0 705.0 28.0 30.12
148.1 0.0 182.1 181.4 15.0 838.9 884.3 28.0 15.53
350.0 0.0 0.0 203.0 0.0 974.0 775.0 56.0 29.98
359.0 19.0 141.0 154.0 10.9 942.0 801.0 28.0 59.49
401.8 94.7 0.0 147.4 11.4 946.8 852.1 3.0 41.1
362.6 189.0 0.0 164.9 11.6 944.7 755.8 7.0 55.9
401.8 94.7 0.0 147.4 11.4 946.8 852.1 28.0 68.5
167.0 75.4 167.0 164.0 7.9 1007.3 770.1 3.0 15.52
362.6 189.0 0.0 164.9 11.6 944.7 755.8 7.0 55.9
318.0 0.0 126.0 210.0 6.0 861.0 737.0 28.0 40.06
275.1 0.0 121.4 159.5 9.9 1053.6 777.5 28.0 51.33
145.0 0.0 134.0 181.0 11.0 979.0 812.0 28.0 13.2
238.0 0.0 0.0 186.0 0.0 1119.0 789.0 7.0 12.05
349.0 0.0 0.0 192.0 0.0 1047.0 806.0 7.0 18.13
297.2 0.0 117.5 174.8 9.5 1022.8 753.5 14.0 36.99
295.0 0.0 0.0 185.0 0.0 1069.0 769.0 7.0 14.8
255.5 170.3 0.0 185.7 0.0 1026.6 724.3 28.0 32.05
379.5 151.2 0.0 153.9 15.9 1134.3 605.0 56.0 54.9
505.0 0.0 60.0 195.0 0.0 1030.0 630.0 28.0 64.02
213.5 0.0 174.2 159.2 11.7 1043.6 771.9 3.0 15.61
275.1 0.0 121.4 159.5 9.9 1053.6 777.5 3.0 23.8
133.0 200.0 0.0 192.0 0.0 927.4 839.2 90.0 36.59
254.0 0.0 0.0 198.0 0.0 968.0 863.0 90.0 26.94
362.6 189.0 0.0 164.9 11.6 944.7 755.8 3.0 35.3
173.8 93.4 159.9 172.3 9.7 1007.2 746.6 56.0 48.99
366.0 187.0 0.0 191.3 6.6 824.3 756.9 28.0 65.91
186.2 124.1 0.0 185.7 0.0 1083.4 764.3 7.0 8.0
349.0 0.0 0.0 192.0 0.0 1047.0 806.0 180.0 41.05
310.0 142.8 0.0 167.9 10.0 914.3 804.0 28.0 45.3
389.9 189.0 0.0 145.9 22.0 944.7 755.8 91.0 82.6
424.0 22.0 132.0 168.0 8.9 822.0 750.0 7.0 40.29
387.0 20.0 94.0 157.0 13.9 938.0 845.0 56.0 47.97
251.4 0.0 118.3 188.5 5.8 1028.4 757.7 3.0 17.22
355.9 0.0 141.6 193.3 11.0 801.4 778.4 28.0 40.87
339.0 0.0 0.0 197.0 0.0 968.0 781.0 28.0 32.04
322.5 148.6 0.0 185.8 8.5 951.0 709.5 28.0 52.43
322.0 0.0 0.0 203.0 0.0 974.0 800.0 14.0 20.77
439.0 177.0 0.0 186.0 11.1 884.9 707.9 3.0 39.3
252.3 0.0 98.8 146.3 14.2 987.8 889.0 56.0 55.83
155.6 243.5 0.0 180.3 10.7 1022.0 697.7 28.0 37.36
520.0 0.0 0.0 175.0 5.2 870.0 805.0 28.0 51.02
362.6 189.0 0.0 164.9 11.6 944.7 755.8 56.0 77.3
388.6 97.1 0.0 157.9 12.1 852.1 925.7 7.0 34.9
393.0 0.0 0.0 192.0 0.0 940.6 785.6 28.0 39.6
266.0 114.0 0.0 228.0 0.0 932.0 670.0 28.0 45.85
290.2 193.5 0.0 185.7 0.0 998.2 704.3 7.0 21.86
251.4 0.0 118.3 188.5 6.4 1028.4 757.7 56.0 36.64
182.0 45.2 122.0 170.2 8.2 1059.4 780.7 14.0 21.5
277.2 97.8 24.5 160.7 11.2 1061.7 782.5 56.0 66.82
469.0 117.2 0.0 137.8 32.2 852.1 840.5 91.0 70.7
475.0 118.8 0.0 181.1 8.9 852.1 781.5 91.0 74.19
333.0 17.5 163.0 167.0 17.9 996.0 652.0 28.0 47.28
231.8 0.0 121.6 174.0 6.7 1056.4 778.5 56.0 42.7
425.0 106.3 0.0 153.5 16.5 852.1 887.1 7.0 49.2
166.0 260.0 0.0 183.0 13.0 859.0 827.0 28.0 37.91
296.0 0.0 0.0 186.0 0.0 1090.0 769.0 28.0 25.18
192.0 288.0 0.0 192.0 0.0 929.8 716.1 90.0 50.73
150.9 0.0 183.9 166.6 11.6 991.2 772.2 28.0 15.57
349.0 0.0 0.0 192.0 0.0 1047.0 806.0 28.0 32.72
173.5 50.1 173.5 164.8 6.5 1006.2 793.5 14.0 33.01
156.0 178.0 187.0 221.0 7.0 854.0 614.0 28.0 29.41
385.0 0.0 0.0 186.0 0.0 966.0 763.0 7.0 23.22
266.0 114.0 0.0 228.0 0.0 932.0 670.0 365.0 52.91
252.0 97.0 76.0 194.0 8.0 835.0 821.0 28.0 33.4
173.5 50.1 173.5 164.8 6.5 1006.2 793.5 56.0 53.77
212.0 0.0 124.8 159.0 7.8 1085.4 799.5 100.0 47.82
213.7 0.0 174.7 154.8 10.2 1053.5 776.4 3.0 17.57
167.0 75.4 167.0 164.0 7.9 1007.3 770.1 14.0 32.9
149.0 236.0 0.0 176.0 13.0 847.0 893.0 28.0 32.96
218.2 54.6 123.8 140.8 11.9 1075.7 792.7 56.0 61.99
213.8 98.1 24.5 181.7 6.7 1066.0 785.5 14.0 17.84
376.0 0.0 0.0 214.6 0.0 1003.5 762.4 56.0 36.3
296.0 0.0 0.0 192.0 0.0 1085.0 765.0 28.0 21.65
167.4 129.9 128.6 175.5 7.8 1006.3 746.6 3.0 14.94
165.0 0.0 143.6 163.8 0.0 1005.6 900.9 56.0 36.56
286.3 200.9 0.0 144.7 11.2 1004.6 803.7 56.0 72.99
145.9 230.5 0.0 202.5 3.4 827.0 871.8 28.0 32.72
298.0 0.0 107.0 186.0 6.0 879.0 815.0 28.0 42.64
469.0 117.2 0.0 137.8 32.2 852.1 840.5 56.0 69.3
198.6 132.4 0.0 192.0 0.0 978.4 825.5 3.0 9.13
213.8 98.1 24.5 181.7 6.7 1066.0 785.5 100.0 49.97
229.7 0.0 118.2 195.2 6.1 1028.1 757.6 14.0 22.32
164.2 0.0 200.1 181.2 12.6 849.3 846.0 28.0 15.09
158.8 238.2 0.0 185.7 0.0 1040.6 734.3 28.0 21.07
154.0 174.0 185.0 228.0 7.0 845.0 612.0 28.0 24.34
446.0 24.0 79.0 162.0 11.6 967.0 712.0 7.0 39.3
427.5 47.5 0.0 228.0 0.0 932.0 594.0 90.0 41.54
158.8 238.2 0.0 185.7 0.0 1040.6 734.3 7.0 9.62
425.0 106.3 0.0 151.4 18.6 936.0 803.7 7.0 46.8
425.0 106.3 0.0 153.5 16.5 852.1 887.1 56.0 64.3
446.0 24.0 79.0 162.0 11.6 967.0 712.0 3.0 23.35
475.0 0.0 59.0 142.0 1.9 1098.0 641.0 28.0 57.23
285.0 190.0 0.0 163.0 7.6 1031.0 685.0 28.0 53.58
275.1 0.0 121.4 159.5 9.9 1053.6 777.5 100.0 58.61
296.0 0.0 107.0 221.0 11.0 819.0 778.0 28.0 31.42
277.1 0.0 97.4 160.6 11.8 973.9 875.6 3.0 23.14
181.4 0.0 167.0 169.6 7.6 1055.6 777.8 28.0 27.77
190.3 0.0 125.2 166.6 9.9 1079.0 798.9 28.0 24.85
250.0 0.0 95.7 187.4 5.5 956.9 861.2 28.0 29.22
139.6 209.4 0.0 192.0 0.0 1047.0 806.9 28.0 28.24
200.0 133.0 0.0 192.0 0.0 965.4 806.2 3.0 11.41
331.0 0.0 0.0 192.0 0.0 978.0 825.0 7.0 16.26
380.0 0.0 0.0 228.0 0.0 932.0 670.0 90.0 52.91
382.0 0.0 0.0 186.0 0.0 1111.0 784.0 7.0 11.47
290.2 193.5 0.0 185.7 0.0 998.2 704.3 28.0 33.04
155.0 0.0 143.0 193.0 9.0 877.0 868.0 28.0 9.74
288.4 121.0 0.0 177.4 7.0 907.9 829.5 28.0 42.14
350.0 0.0 0.0 203.0 0.0 974.0 775.0 14.0 22.53
380.0 0.0 0.0 228.0 0.0 932.0 670.0 270.0 53.3
173.0 116.0 0.0 192.0 0.0 946.8 856.8 28.0 24.28
321.3 164.2 0.0 190.5 4.6 870.0 774.0 28.0 57.22
281.0 0.0 0.0 186.0 0.0 1104.0 774.0 28.0 22.44
425.0 106.3 0.0 153.5 16.5 852.1 887.1 91.0 65.2
400.0 0.0 0.0 187.0 0.0 1025.0 745.0 28.0 43.7
525.0 0.0 0.0 189.0 0.0 1125.0 613.0 180.0 61.92
277.0 0.0 0.0 191.0 0.0 968.0 856.0 28.0 25.97
168.9 42.2 124.3 158.3 10.8 1080.8 796.2 100.0 48.15
469.0 117.2 0.0 137.8 32.2 852.1 840.5 3.0 40.2
183.9 122.6 0.0 203.5 0.0 959.2 800.0 7.0 10.79
250.0 0.0 95.7 187.4 5.5 956.9 861.2 56.0 38.33
135.0 105.0 193.0 196.0 6.0 965.0 643.0 28.0 21.91
228.0 342.1 0.0 185.7 0.0 955.8 674.3 7.0 21.92
148.5 139.4 108.6 192.7 6.1 892.4 780.0 28.0 23.7
323.7 282.8 0.0 183.8 10.3 942.7 659.9 28.0 74.7
145.0 116.0 119.0 184.0 5.7 833.0 880.0 28.0 29.16
356.0 119.0 0.0 160.0 9.0 1061.0 657.0 28.0 59.0
359.0 19.0 141.0 154.0 10.9 942.0 801.0 3.0 25.12
261.0 100.0 78.0 201.0 9.0 864.0 761.0 28.0 32.4
425.0 106.3 0.0 153.5 16.5 852.1 887.1 56.0 64.3
173.5 50.1 173.5 164.8 6.5 1006.2 793.5 100.0 56.06
425.0 106.3 0.0 151.4 18.6 936.0 803.7 91.0 66.7
337.9 189.0 0.0 174.9 9.5 944.7 755.8 28.0 49.9
362.6 189.0 0.0 164.9 11.6 944.7 755.8 28.0 71.3
167.4 129.9 128.6 175.5 7.8 1006.3 746.6 100.0 53.66
168.0 42.1 163.8 121.8 5.7 1058.7 780.1 3.0 7.75
181.4 0.0 167.0 169.6 7.6 1055.6 777.8 56.0 35.57
331.0 0.0 0.0 192.0 0.0 978.0 825.0 3.0 13.52
236.0 157.0 0.0 192.0 0.0 972.6 749.1 90.0 47.78
277.2 97.8 24.5 160.7 11.2 1061.7 782.5 14.0 47.71
313.0 0.0 113.0 178.0 8.0 1002.0 689.0 28.0 36.8
213.7 0.0 174.7 154.8 10.2 1053.5 776.4 28.0 40.15
401.8 94.7 0.0 147.4 11.4 946.8 852.1 91.0 75.5
312.7 0.0 0.0 178.1 8.0 999.7 822.2 28.0 25.1
167.0 75.4 167.0 164.0 7.9 1007.3 770.1 56.0 53.46
469.0 117.2 0.0 137.8 32.2 852.1 840.5 7.0 54.9
336.5 0.0 0.0 181.9 3.4 985.8 816.8 28.0 44.87
480.0 0.0 0.0 192.0 0.0 936.0 721.0 3.0 24.39
297.2 0.0 117.5 174.8 9.5 1022.8 753.5 56.0 51.96
379.5 151.2 0.0 153.9 15.9 1134.3 605.0 28.0 52.2
387.0 20.0 94.0 157.0 11.6 938.0 845.0 3.0 34.77
116.0 173.0 0.0 192.0 0.0 909.8 891.9 90.0 31.02
250.2 166.8 0.0 203.5 0.0 977.6 694.1 28.0 36.96
251.4 0.0 118.3 188.5 5.8 1028.4 757.7 14.0 29.93
194.7 0.0 100.5 170.2 7.5 998.0 901.8 28.0 37.27
300.0 0.0 120.0 212.0 10.0 878.0 728.0 28.0 23.84
181.4 0.0 167.0 169.6 7.6 1055.6 777.8 14.0 21.6
250.0 0.0 95.7 187.4 5.5 956.9 861.2 3.0 13.82
252.0 0.0 0.0 185.0 0.0 1111.0 784.0 28.0 19.69
164.0 163.0 128.0 197.0 8.0 961.0 641.0 28.0 27.23
144.0 15.0 195.0 176.0 6.0 1021.0 709.0 28.0 15.34
237.5 237.5 0.0 228.0 0.0 932.0 594.0 28.0 30.08
213.8 98.1 24.5 181.7 6.7 1066.0 785.5 3.0 13.18
275.0 0.0 0.0 183.0 0.0 1088.0 808.0 28.0 24.5
480.0 0.0 0.0 192.0 0.0 936.2 712.2 7.0 34.57
218.9 0.0 124.1 158.5 11.3 1078.7 794.9 100.0 46.23
375.0 93.8 0.0 126.6 23.4 852.1 992.6 56.0 60.2
165.0 128.5 132.1 175.1 8.1 1005.8 746.6 14.0 33.09
380.0 95.0 0.0 228.0 0.0 932.0 594.0 28.0 36.45
318.8 212.5 0.0 155.7 14.3 852.1 880.4 91.0 68.1
252.5 0.0 0.0 185.7 0.0 1111.6 784.3 7.0 11.48
480.0 0.0 0.0 192.0 0.0 936.0 721.0 90.0 54.28
446.0 24.0 79.0 162.0 11.6 967.0 712.0 56.0 55.25
193.5 290.2 0.0 185.7 0.0 998.2 704.3 7.0 17.2
277.0 0.0 0.0 191.0 0.0 968.0 856.0 3.0 11.36
380.0 95.0 0.0 228.0 0.0 932.0 594.0 365.0 43.7
284.0 15.0 141.0 179.0 5.5 842.0 801.0 28.0 43.73
307.0 0.0 0.0 193.0 0.0 968.0 812.0 180.0 34.49
150.0 236.8 0.0 173.8 11.9 1069.3 674.8 28.0 37.43
166.1 0.0 163.3 176.5 4.5 1058.6 780.1 28.0 21.54
277.0 0.0 0.0 191.0 0.0 968.0 856.0 180.0 32.33
231.8 0.0 121.6 174.0 6.7 1056.4 778.5 100.0 45.84
375.0 0.0 0.0 186.0 0.0 1038.0 758.0 28.0 38.21
116.0 173.0 0.0 192.0 0.0 909.8 891.9 28.0 22.35
212.0 0.0 124.8 159.0 7.8 1085.4 799.5 28.0 38.5
289.0 0.0 0.0 192.0 0.0 913.2 895.3 7.0 14.6
540.0 0.0 0.0 162.0 2.5 1040.0 676.0 28.0 79.99
531.3 0.0 0.0 141.8 28.2 852.1 893.7 56.0 58.8
212.0 141.3 0.0 203.5 0.0 973.4 750.0 7.0 15.03
375.0 0.0 0.0 186.0 0.0 1038.0 758.0 7.0 26.06
250.0 0.0 0.0 182.0 0.0 1100.0 820.0 28.0 20.87
427.5 47.5 0.0 228.0 0.0 932.0 594.0 365.0 43.7
194.7 0.0 100.5 165.6 7.5 1006.4 905.9 14.0 24.99
531.3 0.0 0.0 141.8 28.2 852.1 893.7 7.0 46.9
331.0 170.0 0.0 195.0 8.0 811.0 802.0 28.0 56.61
310.0 0.0 0.0 192.0 0.0 970.0 850.0 28.0 27.92
439.0 177.0 0.0 186.0 11.1 884.9 707.9 91.0 73.3
313.3 0.0 113.0 178.5 8.0 1001.9 688.7 28.0 36.8
182.0 45.2 122.0 170.2 8.2 1059.4 780.7 3.0 7.32
339.0 0.0 0.0 197.0 0.0 968.0 781.0 7.0 20.97
212.5 0.0 100.4 159.3 8.7 1007.8 903.6 28.0 31.64
212.6 0.0 100.4 159.4 10.4 1003.8 903.8 28.0 37.4
251.8 0.0 99.9 146.1 12.4 1006.0 899.8 3.0 21.02
284.0 15.0 141.0 179.0 5.5 842.0 801.0 3.0 13.4
166.8 250.2 0.0 203.5 0.0 975.6 692.6 3.0 6.9
310.0 0.0 0.0 192.0 0.0 970.0 850.0 360.0 38.11
325.0 0.0 0.0 184.0 0.0 1063.0 783.0 7.0 17.54
425.0 106.3 0.0 151.4 18.6 936.0 803.7 28.0 61.8
164.6 0.0 150.4 181.6 11.7 1023.3 728.9 28.0 18.03
252.0 0.0 0.0 185.0 0.0 1111.0 784.0 28.0 19.69
181.4 0.0 167.0 169.6 7.6 1055.6 777.8 3.0 13.62
213.5 0.0 174.2 154.6 11.7 1052.3 775.5 100.0 59.3
238.0 0.0 0.0 186.0 0.0 1119.0 789.0 28.0 17.54
289.0 133.7 0.0 194.9 5.5 924.1 760.1 28.0 46.25
212.0 141.3 0.0 203.5 0.0 973.4 750.0 90.0 39.7
304.0 76.0 0.0 228.0 0.0 932.0 670.0 180.0 50.95
249.1 0.0 98.8 158.1 12.8 987.8 889.0 56.0 42.03
160.0 188.0 146.0 203.0 11.0 829.0 710.0 28.0 32.84
249.1 0.0 98.8 158.1 12.8 987.8 889.0 14.0 28.68
122.6 183.9 0.0 203.5 0.0 958.2 800.1 7.0 10.35
149.0 118.0 92.0 183.0 7.0 953.0 780.0 28.0 23.52
298.0 0.0 107.0 164.0 13.0 953.0 784.0 28.0 35.86
218.9 0.0 124.1 158.5 11.3 1078.7 794.9 14.0 26.05
295.8 0.0 0.0 185.7 0.0 1091.4 769.3 28.0 25.22
168.9 42.2 124.3 158.3 10.8 1080.8 796.2 28.0 31.12
229.7 0.0 118.2 195.2 6.1 1028.1 757.6 28.0 24.54
190.0 190.0 0.0 228.0 0.0 932.0 670.0 28.0 40.86
133.0 200.0 0.0 192.0 0.0 927.4 839.2 28.0 27.87
297.2 0.0 117.5 174.8 9.5 1022.8 753.5 28.0 47.4
427.5 47.5 0.0 228.0 0.0 932.0 594.0 28.0 37.43
387.0 20.0 94.0 157.0 11.6 938.0 845.0 56.0 61.46
375.0 93.8 0.0 126.6 23.4 852.1 992.6 7.0 45.7
122.6 183.9 0.0 203.5 0.0 958.2 800.1 28.0 24.29
154.8 183.4 0.0 193.3 9.1 877.2 867.7 28.0 23.79
350.0 0.0 0.0 186.0 0.0 1050.0 770.0 7.0 20.28
295.7 0.0 95.6 171.5 8.9 955.1 859.2 3.0 22.95
222.4 0.0 96.7 189.3 4.5 967.1 870.3 3.0 11.58
102.0 153.0 0.0 192.0 0.0 887.0 942.0 90.0 25.46
528.0 0.0 0.0 185.0 6.9 920.0 720.0 28.0 56.83
380.0 95.0 0.0 228.0 0.0 932.0 594.0 7.0 32.82
313.0 0.0 0.0 178.0 8.0 1000.0 822.0 28.0 25.1
225.0 0.0 0.0 181.0 0.0 1113.0 833.0 28.0 17.34
389.9 189.0 0.0 145.9 22.0 944.7 755.8 28.0 74.5
266.2 112.3 87.5 177.9 10.4 909.7 744.5 28.0 39.42
200.0 0.0 0.0 180.0 0.0 1125.0 845.0 28.0 12.25
475.0 118.8 0.0 181.1 8.9 852.1 781.5 28.0 68.3
500.0 0.0 0.0 200.0 0.0 1125.0 613.0 270.0 55.16
480.0 0.0 0.0 192.0 0.0 936.0 721.0 28.0 43.89
239.6 359.4 0.0 185.7 0.0 941.6 664.3 28.0 39.44
145.0 0.0 179.0 202.0 8.0 824.0 869.0 28.0 10.54
310.0 0.0 0.0 192.0 0.0 1012.0 830.0 3.0 11.85
236.0 157.0 0.0 192.0 0.0 972.6 749.1 3.0 13.57
516.0 0.0 0.0 162.0 8.2 801.0 802.0 28.0 41.37
155.0 183.0 0.0 193.0 9.0 877.0 868.0 28.0 23.79
250.0 0.0 95.7 191.8 5.3 948.9 857.2 100.0 41.16
277.2 97.8 24.5 160.7 11.2 1061.7 782.5 28.0 63.14
425.0 106.3 0.0 153.5 16.5 852.1 887.1 56.0 64.3
331.0 0.0 0.0 192.0 0.0 978.0 825.0 28.0 31.45
310.0 143.0 0.0 168.0 10.0 914.0 804.0 28.0 45.3
314.0 145.3 113.2 178.9 8.0 869.1 690.2 28.0 46.23
108.3 162.4 0.0 203.5 0.0 938.2 849.0 3.0 2.33
376.0 0.0 0.0 214.6 0.0 1003.5 762.4 100.0 43.06
173.5 50.1 173.5 164.8 6.5 1006.2 793.5 28.0 38.2
165.0 128.5 132.1 175.1 8.1 1005.8 746.6 3.0 19.42
141.9 166.6 129.7 173.5 10.9 882.6 785.3 28.0 44.61
239.6 359.4 0.0 185.7 0.0 941.6 664.3 7.0 25.42
250.0 0.0 95.7 191.8 5.3 948.9 857.2 56.0 39.64
266.0 114.0 0.0 228.0 0.0 932.0 670.0 270.0 51.73
446.0 24.0 79.0 162.0 10.3 967.0 712.0 56.0 54.77
142.0 167.0 130.0 174.0 11.0 883.0 785.0 28.0 44.61
304.0 140.0 0.0 214.0 6.0 895.0 722.0 28.0 33.42
213.7 98.1 24.5 181.7 6.9 1065.8 785.4 28.0 45.71
316.1 210.7 0.0 185.7 0.0 977.0 689.3 28.0 38.7
160.0 250.0 0.0 168.0 12.0 1049.0 688.0 28.0 39.45
349.0 0.0 0.0 192.0 0.0 1056.0 809.0 7.0 9.01
203.5 135.7 0.0 185.7 0.0 1076.2 759.3 28.0 22.63
145.4 0.0 178.9 201.7 7.8 824.0 868.7 28.0 10.54
275.1 0.0 121.4 159.5 9.9 1053.6 777.5 14.0 38.77
165.0 0.0 143.6 163.8 0.0 1005.6 900.9 28.0 26.2
250.2 166.8 0.0 203.5 0.0 977.6 694.1 3.0 9.73
145.7 172.6 0.0 181.9 3.4 985.8 816.8 28.0 23.74
266.0 114.0 0.0 228.0 0.0 932.0 670.0 90.0 47.03
251.4 0.0 118.3 188.5 5.8 1028.4 757.7 28.0 29.65
475.0 118.8 0.0 181.1 8.9 852.1 781.5 3.0 37.8
166.0 259.7 0.0 183.2 12.7 858.8 826.8 28.0 37.92
277.2 97.8 24.5 160.7 11.2 1061.7 782.5 3.0 30.45
218.2 54.6 123.8 140.8 11.9 1075.7 792.7 28.0 55.51
172.4 13.6 172.4 156.8 4.1 1006.3 856.4 56.0 35.85
312.7 144.7 0.0 127.3 8.0 999.7 822.2 28.0 44.52
153.1 145.0 113.0 178.5 8.0 867.2 824.0 28.0 26.23
218.2 54.6 123.8 140.8 11.9 1075.7 792.7 100.0 63.53
500.0 0.0 0.0 200.0 0.0 1125.0 613.0 7.0 33.21
154.8 183.4 0.0 193.3 9.1 1047.4 696.7 28.0 18.29
362.6 189.0 0.0 164.9 11.6 944.7 755.8 3.0 35.3
251.4 0.0 118.3 188.5 5.8 1028.4 757.7 100.0 43.58
313.3 262.2 0.0 175.5 8.6 1046.9 611.8 91.0 66.6
374.0 189.2 0.0 170.1 10.1 926.1 756.7 3.0 34.4
388.6 97.1 0.0 157.9 12.1 852.1 925.7 56.0 55.2
359.0 19.0 141.0 154.0 10.9 942.0 801.0 7.0 38.61
436.0 0.0 0.0 218.0 0.0 838.4 719.7 28.0 23.85
214.9 53.8 121.9 155.6 9.6 1014.3 780.6 100.0 56.63
162.0 190.1 148.1 178.8 18.8 838.1 741.4 28.0 33.76
156.0 243.0 0.0 180.0 11.0 1022.0 698.0 28.0 37.36
132.0 207.0 161.0 179.0 5.0 867.0 736.0 28.0 33.3
375.0 93.8 0.0 126.6 23.4 852.1 992.6 3.0 29.0
362.6 189.0 0.0 164.9 11.6 944.7 755.8 7.0 22.9
298.2 0.0 107.0 209.7 11.1 879.6 744.2 28.0 31.88
160.0 128.0 122.0 182.0 6.4 824.0 879.0 28.0 39.4
190.3 0.0 125.2 161.9 9.9 1088.1 802.6 3.0 9.45
339.0 0.0 0.0 197.0 0.0 968.0 781.0 3.0 13.22
295.0 0.0 0.0 185.0 0.0 1069.0 769.0 28.0 25.18
165.0 0.0 150.0 182.0 12.0 1023.0 729.0 28.0 18.03
380.0 95.0 0.0 228.0 0.0 932.0 594.0 90.0 40.56
290.4 0.0 96.2 168.1 9.4 961.2 865.0 56.0 45.08
385.0 0.0 0.0 186.0 0.0 966.0 763.0 3.0 14.7
446.0 24.0 79.0 162.0 11.6 967.0 712.0 56.0 61.07
233.8 0.0 94.6 197.9 4.6 947.0 852.2 100.0 34.56
310.0 0.0 0.0 192.0 0.0 1012.0 830.0 120.0 38.7
332.5 142.5 0.0 228.0 0.0 932.0 594.0 365.0 41.05
296.0 0.0 0.0 186.0 0.0 1090.0 769.0 7.0 18.91
173.5 50.1 173.5 164.8 6.5 1006.2 793.5 3.0 23.08
321.0 0.0 128.0 182.0 11.0 870.0 780.0 28.0 37.26
220.8 147.2 0.0 185.7 0.0 1055.0 744.3 28.0 25.75
238.1 0.0 94.1 186.7 7.0 949.9 847.0 3.0 19.93
151.6 0.0 111.9 184.4 7.9 992.0 815.9 28.0 12.18
167.4 129.9 128.6 175.5 7.8 1006.3 746.6 28.0 41.2
446.0 24.0 79.0 162.0 11.6 967.0 712.0 3.0 25.02
313.3 262.2 0.0 175.5 8.6 1046.9 611.8 3.0 28.8
362.6 189.0 0.0 164.9 11.6 944.7 755.8 28.0 71.3
350.0 0.0 0.0 186.0 0.0 1050.0 770.0 28.0 34.29
155.2 183.9 143.2 193.8 9.2 879.6 698.5 28.0 28.99
388.6 97.1 0.0 157.9 12.1 852.1 925.7 28.0 50.7
349.0 0.0 0.0 192.0 0.0 1056.0 809.0 90.0 40.66
325.0 0.0 0.0 184.0 0.0 1063.0 783.0 28.0 30.57
321.4 0.0 127.9 182.5 11.5 870.1 779.7 28.0 37.27
342.0 38.0 0.0 228.0 0.0 932.0 670.0 365.0 56.14
424.0 22.0 132.0 168.0 8.9 822.0 750.0 3.0 32.11
385.0 0.0 0.0 186.0 0.0 966.0 763.0 28.0 31.35
151.0 0.0 185.0 167.0 16.0 1074.0 678.0 28.0 13.46
159.0 149.0 116.0 175.0 15.0 953.0 720.0 28.0 27.68
146.5 114.6 89.3 201.9 8.8 860.0 829.5 28.0 19.99
249.1 0.0 98.8 158.1 12.8 987.8 889.0 100.0 51.06
425.0 106.3 0.0 153.5 16.5 852.1 887.1 28.0 60.29
212.0 141.3 0.0 203.5 0.0 973.4 750.0 3.0 6.81
332.5 142.5 0.0 228.0 0.0 932.0 594.0 28.0 33.02
337.9 189.0 0.0 174.9 9.5 944.7 755.8 56.0 59.89
168.9 42.2 124.3 158.3 10.8 1080.8 796.2 14.0 23.51
255.0 99.0 77.0 189.0 6.0 919.0 749.0 28.0 33.8
170.3 155.5 0.0 185.7 0.0 1026.6 724.3 7.0 10.73
184.0 86.0 190.0 213.0 6.0 923.0 623.0 28.0 22.93
424.0 22.0 132.0 168.0 8.9 822.0 750.0 56.0 74.36
300.0 0.0 0.0 184.0 0.0 1075.0 795.0 7.0 15.58
393.0 0.0 0.0 192.0 0.0 940.0 758.0 3.0 19.11
139.6 209.4 0.0 192.0 0.0 1047.0 806.9 360.0 44.7
190.3 0.0 125.2 166.6 9.9 1079.0 798.9 100.0 33.56
387.0 20.0 94.0 157.0 14.3 938.0 845.0 56.0 56.34
